##### challenge secret 
key = 0x1234567890
LFSR17 output 0x30201b7ff3
LFSR25 output 0x3543640936
[shuffle] k [5, 99, 127, 118, 197]
[shuffle] A [159, 108, 158, 48, 224]
[shuffle] B [131, 170, 222, 228, 46]
[shuffle] C [18, 52, 86, 120, 144]
keyHash = [159, 108, 158, 48, 224]

####### given data #######
pt = [10, 233, 129, 64, 138, 182, 2, 167, 92, 250, 31, 123, 48, 148, 36, 83, 179, 165, 117, 185, 195, 251, 196, 131, 42, 236, 23, 43, 253, 53, 212, 216, 203, 76, 8, 28, 133, 20, 0, 17, 102, 168, 200, 190, 199, 16, 235, 140, 249, 208, 209, 44, 127, 85, 26, 70, 21, 206, 218, 135, 51, 38, 99, 142, 72, 58, 189, 243, 217, 156, 11, 240, 98, 113, 201, 32, 254, 101, 96, 184, 3, 245, 252, 71, 160, 119, 108, 6, 114, 197, 12, 22, 176, 80, 141, 50, 4, 107, 34, 49, 186, 82, 183, 181, 144, 152, 221, 172, 40, 56, 7, 239, 68, 103, 45, 134, 139, 100, 74, 67, 227, 52, 19, 126, 188, 115, 169, 118, 37, 79, 166, 222, 238, 59, 161, 105, 230, 94, 93, 163, 69, 180, 90, 14, 187, 86, 65, 191, 128, 136, 132, 177, 125, 5, 237, 89, 111, 75, 18, 91, 146, 204, 223, 120, 116, 77, 109, 110, 159, 66, 15, 155, 174, 246, 219, 248, 121, 46, 149, 241, 33, 145, 147, 54, 106, 215, 192, 61, 55, 164, 130, 214, 41, 29, 193, 220, 154, 137, 162, 73, 210, 104, 157, 60, 151, 158, 24, 205, 228, 207, 112, 25, 170, 9, 171, 244, 247, 27, 124, 224, 211, 35, 30, 198, 225, 202, 57, 88, 122, 242, 213, 84, 97, 232, 234, 87, 175, 143, 39, 194, 173, 153, 78, 63, 229, 95, 81, 255, 231, 1, 226, 62, 150, 47, 178, 13]
[shuffle] k [159, 108, 158, 48, 224]
[shuffle] A [6, 238, 222, 243, 10]
[shuffle] B [219, 238, 243, 173, 19]
[shuffle] C [49, 51, 51, 51, 55]
A = [6, 238, 222, 243, 10]
C = [49, 51, 51, 51, 55]
xorK = 189
enc = "f15548a56c1cea695b7285611fbd4c3ce54f5a"
